1783942041.1591263
1783942042.1723497
1783942043.1858132
1783942045.696609
1783942046.7343261
1783942047.7479222
1783942048.760388
1783942049.7725093
1783942050.7828894
1783942051.7951446
1783942052.805033
1783942053.815783
1783942054.8272092
1783942055.8381274
1783942056.8481345
1783942057.8579974
1783942058.8679516
1783942059.878921
1783942060.8899577
1783942061.9031665
1783942062.9137597
1783942063.9250698
1783942064.9385917
1783942065.9832392
1783942066.9978685
1783942068.0114124
1783942069.0333421
1783942070.0487866
1783942071.0596218
1783942072.0722816
1783942073.0877059
1783942074.100461
1783942075.117634
1783942076.1316254
1783942077.1438935
1783942078.1564536
1783942079.1689808
1783942080.1792502
1783942081.2132342
1783942082.2255757
1783942083.2478335
1783942084.2715173
1783942085.2869494
1783942086.300562
1783942087.3147213
1783942088.3300052
1783942089.3413496
1783942090.3560736
1783942091.36841
1783942092.3813243
1783942093.3945963
1783942094.4057086
1783942095.4165232
1783942096.427003
1783942097.4373672
1783942098.451334
1783942099.463048
1783942100.473874
1783942101.4836214
1783942102.493935
1783942103.5044796
1783942104.5166888
1783942105.527992
1783942106.537974
1783942107.5599484
1783942108.567597
1783942109.5780237
1783942110.5894358
1783942111.5997849
1783942112.6092079
1783942113.6224866
1783942114.633403
1783942115.6457121
1783942119.2260537
1783942120.236413
1783942121.248441
1783942122.2594194
1783942123.2694757
1783942124.326098
1783942125.35979
1783942126.3926754
1783942127.4192948
1783942128.4313552
1783942129.4449594
1783942130.4587646
1783942131.4876783
1783942132.508517
1783942133.5375426
1783942134.560361
1783942135.575982
1783942136.5972545
1783942137.6260817
1783942138.659463
1783942139.677375
1783942140.6991897
1783942141.715247
1783942142.732028
1783942143.761535
1783942144.7778752
1783942145.794118
1783942146.8146627
1783942147.8303382
1783942148.8498025
1783942149.8627212
1783942150.8761797
1783942151.897592
1783942152.9129899
1783942153.9324813
1783942154.9467807
1783942155.9612768
1783942156.9743447
1783942157.9999619
1783942159.0151594
1783942160.0279071
1783942161.0412967
1783942162.0609841
1783942163.0862389
1783942164.1062374
1783942165.120532
1783942166.1401503
1783942167.1514373
1783942168.168851
1783942169.1818569
1783942170.1940851
1783942171.2166126
1783942172.241614
1783942173.2613134
1783942174.287531
1783942175.3083985
1783942176.330276
1783942177.3441072
1783942178.355929
1783942179.3704557
1783942180.3815396
1783942181.3937385
1783942182.404764
1783942183.4198966
1783942184.4305456
1783942185.4522142
1783942186.464207
1783942187.4757247
1783942188.494722
1783942189.5104809
1783942190.5256395
1783942191.539105
1783942192.5535114
1783942193.5682812
1783942194.5806234
1783942195.592851
1783942196.6049147
1783942197.6150894
1783942198.6354995
1783942199.6490514
1783942200.6616852
1783942201.677471
1783942202.6920798
1783942203.703473
1783942204.7155383
1783942205.741947
1783942206.7648299
1783942207.7746365
1783942208.787823
1783942209.801499
1783942210.8123207
1783942211.823916
1783942212.8379288
1783942213.8483694
1783942214.8592927
1783942215.8731742
1783942216.8844132
1783942217.895107
1783942218.9093413
1783942219.9197044
1783942220.9313815
1783942221.9419909
1783942222.9542067
1783942223.9644382
1783942224.9776435
1783942225.989873
1783942227.007126
1783942228.0241563
1783942229.041887
1783942230.055385
1783942231.0681112
1783942232.095415
1783942233.0999112
1783942234.1133943
1783942235.1248844
1783942236.1390667
1783942237.1590118
1783942238.1745112
1783942239.1934502
1783942240.2089074
1783942241.2210596
1783942242.2317502
1783942243.2419937
1783942244.2520902
1783942245.2632022
1783942246.2749407
1783942247.2894812
1783942248.3022394
1783942249.312927
1783942250.3249037
1783942251.335312
1783942252.3485258
1783942253.360901
1783942254.3736498
1783942255.3873396
1783942256.3989344
1783942257.418229
1783942258.431773
1783942259.4435892
1783942260.459983
1783942261.479936
1783942262.49494
1783942263.5074294
1783942264.5181344
1783942265.5309532
1783942266.5429468
1783942267.554197
1783942268.5658104
1783942269.5768714
1783942270.5885983
1783942271.601093
1783942272.6116982
1783942273.6232977
1783942274.636896
1783942275.649914
1783942276.6622496
1783942277.6733334
1783942278.6834493
1783942279.6938615
1783942280.7126663
1783942281.7288308
1783942282.739197
1783942283.7513509
1783942284.7640429
1783942285.7741652
1783942286.7850394
1783942287.79577
1783942288.8068073
1783942289.817318
1783942290.8282506
1783942291.8413885
1783942292.855426
1783942293.8672583
1783942294.8831022
1783942295.9001403
1783942296.915376
1783942297.9289014
1783942298.9406788
1783942299.9524817
1783942300.966881
1783942301.991226
1783942303.0063245
1783942304.0187337
1783942305.031229
1783942306.0518956
1783942307.0743515
1783942308.078009
1783942309.0861921
1783942310.098153
1783942311.111934
1783942312.1231575
1783942313.1350846
1783942314.149478
1783942315.1626172
1783942316.181313
1783942317.1972117
1783942318.209338
1783942319.2199533
1783942320.2311816
1783942321.2483037
1783942322.2627096
1783942323.2754722
1783942324.2901223
1783942325.3017547
1783942326.3142989
1783942327.328701
1783942328.3401926
1783942329.350786
1783942330.3618977
1783942331.372946
1783942332.384189
1783942333.4033318
1783942334.4167457
1783942335.4278042
1783942336.446944
1783942337.4589522
1783942338.4759204
1783942339.4867327
1783942340.4992158
1783942341.5104578
1783942342.5246964
1783942343.535549
1783942344.5477836
1783942345.5590572
1783942346.5701993
1783942347.5836036
1783942348.598607
1783942349.6119833
1783942350.626959
1783942351.640205
1783942352.651428
1783942353.664181
1783942354.679737
1783942355.6941311
1783942356.7210293
1783942357.7373195
1783942358.7489128
1783942359.7610736
1783942360.7722175
1783942361.8017814
1783942362.7953947
1783942363.8080177
1783942364.8189564
1783942365.8304403
1783942366.8437247
1783942367.8544514
1783942368.8643274
1783942369.8754988
1783942370.886163
1783942371.9002733
1783942372.9115453
1783942373.9239974
1783942374.937531
1783942375.9487154
1783942376.9596512
1783942377.9713593
1783942378.9824958
1783942379.993973
1783942381.0049577
1783942382.017336
1783942383.0432518
1783942384.0595632
1783942385.0718255
1783942386.0841637
1783942387.0985398
1783942388.1127534
1783942389.1234589
1783942390.1412196
1783942391.1528385
1783942392.1628535
1783942393.1738298
1783942394.1875947
1783942395.201554
1783942396.2142072
1783942397.2247348
1783942398.2373989
1783942399.2492678
1783942400.261467
1783942401.2771554
1783942402.291233
1783942403.3037384
1783942404.3156319
1783942405.3280745
1783942406.339123
1783942407.3499548
1783942408.3610883
1783942409.3735573
1783942410.3933682
1783942411.4050572
1783942412.4174678
1783942413.4285302
1783942414.4392872
1783942415.4519684
1783942416.4626424
1783942417.4787607
1783942418.494588
1783942419.5051172
1783942420.5160918
1783942421.5287895
1783942422.5394998
1783942423.55714
1783942424.5771825
1783942425.601321
1783942426.6228218
1783942427.6496627
1783942428.6611063
1783942429.674757
1783942430.684832
1783942431.6966414
1783942432.7068613
1783942433.7202728
1783942434.7370555
1783942435.7479243
1783942436.7592845
1783942437.7699258
1783942438.786862
1783942439.8007407
1783942440.8115404
1783942441.8343742
1783942442.8488574
1783942443.859956
1783942444.8773208
1783942445.8888252
1783942446.900905
1783942447.9134538
1783942448.9239836
1783942449.933354
1783942450.9443147
1783942451.9554863
1783942452.9664128
1783942453.9775226
1783942454.990183
1783942456.0005894
1783942457.0118532
1783942458.0227084
1783942459.0337462
1783942460.0446577
1783942461.0550675
1783942462.0679376
1783942463.0787015
1783942464.0899913
1783942465.103129
1783942466.1152608
1783942467.1270616
1783942468.1407173
1783942469.1522565
1783942470.1709025
1783942471.183616
1783942472.2052045
1783942473.216289
1783942474.2272432
1783942475.2387965
1783942476.2519665
1783942477.2631562
1783942478.2754095
1783942479.2879076
1783942480.298931
1783942481.3101556
1783942482.3220224
1783942483.3388188
1783942484.3499935
1783942485.3612795
1783942486.3714437
1783942487.3829641
1783942488.3931835
1783942489.4038382
1783942490.4137242
1783942491.424732
1783942492.4359708
1783942493.4503412
1783942494.4612541
1783942495.474495
1783942496.4856246
1783942497.496397
1783942498.5073273
1783942499.5195894
1783942500.5307086
1783942501.5415967
1783942502.5529048
1783942503.5643828
1783942504.579381
1783942505.5906537
1783942506.6054323
1783942507.617768
1783942508.6277936
1783942509.6411147
1783942510.6602929
1783942511.6724749
1783942512.6827848
1783942513.694755
1783942514.706497
1783942515.7183192
1783942516.7308345
1783942517.7433386
1783942518.75689
1783942519.7692428
1783942520.787602
1783942521.8063133
1783942522.8234818
1783942523.8354545
1783942524.8496287
1783942525.8612034
1783942526.8724685
1783942527.896366
1783942528.8997328
1783942529.9127388
1783942530.9259977
1783942531.9375155
1783942532.9748142
1783942533.9942558
1783942535.0087938
1783942536.0195572
1783942537.0326116
1783942538.0539043
1783942539.064938
1783942540.0755224
1783942541.0891361
1783942542.1015606
1783942543.1137576
1783942544.1356874
1783942545.1468084
1783942546.1607435
1783942547.1720717
1783942548.1863997
1783942549.1995704
1783942550.21067
1783942551.2243478
1783942552.2353046
1783942553.2462645
1783942554.2583096
1783942555.2706833
1783942556.2873578
1783942557.299058
1783942558.3095582
1783942559.3212726
1783942560.332003
1783942561.3483539
1783942562.3588717
1783942563.3717961
1783942564.3889434
1783942565.3995636
1783942566.409907
1783942567.4230478
1783942568.4335365
1783942569.4441938
1783942570.4565096
1783942571.4682252
1783942572.488101
1783942573.5153663
1783942574.5387247
1783942575.5529203
1783942576.5710046
1783942577.5895228
1783942578.600715
1783942579.612093
1783942580.6252575
1783942581.645569
1783942582.6622493
1783942583.6743553
1783942584.6855388
1783942585.697348
1783942586.7135706
1783942587.7257235
1783942588.7383235
1783942589.7536483
1783942590.7686858
1783942591.834265
1783942592.8450496
1783942593.8560205
1783942594.8670933
1783942595.882705
1783942596.8942225
1783942597.9045858
1783942598.9169974
1783942599.9289067
1783942600.9403536
1783942601.95166
1783942602.962082
1783942603.9741323
1783942604.9896827
1783942606.0027285
1783942607.0166745
1783942608.0301983
1783942609.0415826
1783942610.0526514
1783942611.0635033
1783942612.0745933
1783942613.0867352
1783942614.0979605
1783942615.114332
1783942616.131392
1783942617.1517172
1783942618.1643655
1783942619.1785321
1783942620.1889098
1783942621.20021
1783942622.2118394
1783942623.2230387
1783942624.2335718
1783942625.243178
1783942626.2553747
1783942627.26648
1783942628.2825685
1783942629.2936327
1783942630.304311
1783942631.314642
1783942632.334415
1783942633.346581
1783942634.3573775
1783942635.3684695
1783942636.3803048
1783942637.3907864
1783942638.4032874
1783942639.4170167
1783942640.4277139
1783942641.4377713
1783942642.4487953
1783942643.4591835
1783942644.474656
1783942645.484709
1783942646.4959693
1783942647.5077999
1783942648.518139
1783942649.5339956
1783942650.5452187
1783942651.560094
1783942652.5714152
1783942653.5874798
1783942654.5992398
1783942655.619641
1783942656.630591
1783942657.6413188
1783942658.6557198
1783942659.677294
1783942660.6876304
1783942661.6985462
1783942662.7127666
1783942663.7229335
1783942664.7359264
1783942665.7544615
1783942666.7741911
1783942667.7862778
1783942668.7981925
1783942669.811179
1783942670.822641
1783942671.835039
1783942672.846425
1783942673.8571787
1783942674.8686082
1783942675.8871393
1783942676.9015245
1783942677.9165845
1783942678.9273558
1783942679.939414
1783942680.9572315
1783942681.974561
1783942682.9922562
1783942684.0052142
1783942685.019871
1783942686.0352838
1783942687.0498307
1783942688.0639184
1783942689.0763748
1783942690.0892632
1783942691.1033106
1783942692.1256642
1783942693.1510386
1783942694.1657333
1783942695.1802502
1783942696.200519
1783942697.2162087
1783942698.2379355
1783942699.2494013
1783942700.2613568
1783942701.2719548
1783942702.2845385
1783942703.296228
1783942704.307246
1783942705.3167458
1783942706.3290558
1783942707.3419003
1783942708.3527083
1783942709.3662975
1783942710.3819625
1783942711.3965456
1783942712.409327
1783942713.4239757
1783942714.4396985
1783942715.4523294
1783942716.4653964
1783942717.4785852
1783942718.490424
1783942719.5025573
1783942720.5153022
1783942721.526924
1783942722.5374227
1783942723.5485632
1783942724.559115
1783942725.5698128
1783942726.5817707
1783942727.5930297
1783942728.6034932
1783942729.6195652
1783942730.6342123
1783942731.650527
1783942732.6744158
1783942733.6906538
1783942734.7047176
1783942735.7219076
1783942736.7379677
1783942737.750958
1783942738.7724826
1783942739.8411214
1783942740.8541143
1783942741.8656466
1783942742.8759844
1783942743.8883717
1783942744.901192
1783942745.914016
1783942746.9259467
1783942747.9364815
1783942748.9476411
1783942749.958817
1783942750.9701078
1783942751.9814744
1783942752.992591
1783942754.0029683
1783942755.015534
1783942756.0332572
1783942757.0512462
1783942758.0648444
1783942759.0755365
1783942760.0901725
1783942761.1038551
1783942762.1173422
1783942763.1346734
1783942764.144896
1783942765.1583872
1783942766.170523
1783942767.183362
1783942768.2021663
1783942769.2135477
1783942770.2245061
1783942771.236313
1783942772.2491393
1783942773.2618206
1783942774.2758331
1783942775.2855134
1783942776.2977433
1783942777.3101892
1783942778.3212652
1783942779.3309567
1783942780.3434722
1783942781.3569007
1783942782.3685758
1783942783.3801553
1783942784.3924139
1783942785.4029632
1783942786.4185624
1783942787.432144
1783942788.4432566
1783942789.4542496
1783942790.465717
1783942791.4806104
1783942792.4966366
1783942793.5085306
1783942794.5195372
1783942795.5346007
1783942796.5462728
1783942797.5596154
1783942798.5702748
1783942799.5895436
1783942800.5999372
1783942801.6102536
1783942802.6239944
1783942803.6348586
1783942804.6482377
1783942805.6632442
1783942806.6778445
1783942807.6998746
1783942808.7142138
1783942809.72848
1783942810.742365
1783942811.7542903
1783942812.7733202
1783942813.7900252
1783942814.8028462
1783942815.8145564
1783942816.8270812
1783942817.8385522
1783942818.850323
1783942819.8637042
1783942820.8756082
1783942821.886632
1783942822.897962
1783942823.9103944
1783942824.9224658
1783942825.9340441
1783942826.9545352
1783942827.9654331
1783942828.979499
1783942829.991122
1783942831.0075598
1783942832.0226717
1783942833.0343926
1783942834.0447018
1783942835.0616941
1783942836.0723746
1783942837.0845978
1783942838.095419
1783942839.1097097
1783942840.1359782
1783942841.1561015
1783942842.169343
1783942843.185106
1783942844.1964812
1783942845.2075593
1783942846.2205029
1783942847.233206
1783942848.2451167
1783942849.256698
1783942850.2692192
1783942851.2881684
1783942852.2991874
1783942853.3114338
1783942854.3224235
1783942855.334258
1783942856.348231
1783942857.3613608
1783942858.3725352
1783942859.383808
1783942860.3942838
1783942861.4058695
1783942862.4305077
1783942863.4557285
1783942864.4689438
1783942865.4797983
1783942866.4918706
1783942867.503504
1783942868.5134873
1783942869.5239651
1783942870.5346148
1783942871.544321
1783942872.5561814
1783942873.5669758
1783942874.5784397
1783942875.5895364
1783942876.6000984
1783942877.6142228
1783942878.640983
1783942879.6573954
1783942880.6697733
1783942881.6818986
1783942882.6930842
1783942883.7049308
1783942884.7153823
1783942885.7273338
1783942886.7503214
1783942887.7615063
1783942888.7750921
1783942889.7872863
1783942890.8003166
1783942891.8118045
1783942892.823145
1783942893.835007
1783942894.8470485
1783942895.8575642
1783942896.8683436
1783942897.8891616
1783942898.9120467
1783942899.923877
1783942900.936081
1783942901.9480014
1783942902.9598126
1783942903.971774
1783942905.0437572
1783942906.0540736
1783942907.0654793
1783942908.0768843
1783942909.0902047
1783942910.1081746
1783942911.1216617
1783942912.1330519
1783942913.1523595
1783942914.163489
1783942915.1747723
1783942916.1864476
1783942917.2002413
1783942918.2176473
1783942919.2287993
1783942920.2436292
1783942921.2594063
1783942922.2723026
1783942923.284212
1783942924.294536
1783942925.305203
1783942926.3165815
1783942927.331621
1783942928.3493207
1783942929.3659916
1783942930.3773355
1783942931.3889868
1783942932.4009411
1783942933.4122267
1783942934.423011
1783942935.4384477
1783942936.4537752
1783942937.471364
1783942938.4871693
1783942939.5019891
1783942940.5184865
1783942941.5384138
1783942942.5588307
1783942943.5729897
1783942944.5866485
1783942945.597791
1783942946.6095548
1783942947.6215858
1783942948.6372058
1783942949.6489441
1783942950.659848
1783942951.67506
1783942952.6883886
1783942953.7025306
1783942954.7194211
1783942955.730739
1783942956.7432933
1783942957.7550051
1783942958.7659771
1783942959.7768378
1783942960.7880504
1783942961.7996488
1783942962.8111334
1783942963.8225546
1783942964.8325891
1783942965.8433132
1783942966.8554914
1783942967.8668034
1783942968.8783836
1783942969.8900983
1783942970.9012523
1783942971.9148796
1783942972.9344335
1783942973.9529548
1783942974.9652343
1783942975.9768872
1783942976.988342
1783942977.999381
1783942979.0105612
1783942980.0243738
1783942981.0346189
1783942982.0456502
1783942983.0588703
1783942984.0729861
1783942985.0855129
1783942986.0953193
1783942987.108387
1783942988.1257052
1783942989.1392415
1783942990.1517878
1783942991.1630733
1783942992.174724
1783942993.1935267
1783942994.2046103
1783942995.216714
1783942996.2280807
1783942997.2385297
1783942998.2512732
1783942999.2640195
1783943000.274282
1783943001.2849836
1783943002.296171
1783943003.3086643
1783943004.3211074
1783943005.3321598
1783943006.34306
1783943007.354318
1783943008.3656542
1783943009.3764665
1783943010.3900077
1783943011.4002614
1783943012.4123137
1783943013.4232762
1783943014.4387445
1783943015.449439
1783943016.4636292
1783943017.4746604
1783943018.4977183
1783943019.5147521
1783943020.5272515
1783943021.5374353
1783943022.5492868
1783943023.5607712
1783943024.5792747
1783943025.5908968
1783943026.6017387
1783943027.6147807
1783943028.6245458
1783943029.6360002
1783943030.6506479
1783943031.6630952
1783943032.6748924
1783943033.6926923
1783943034.7056565
1783943035.7239242
1783943036.7357347
1783943037.7486823
1783943038.7600188
1783943039.7724538
1783943040.7918603
1783943041.7993433
1783943042.8099072
1783943043.8216124
1783943044.8459885
1783943045.8616178
1783943046.8743098
1783943047.8889716
1783943048.901129
1783943049.9133253
1783943050.9279397
1783943051.9389656
1783943052.9507036
1783943053.9633546
1783943054.976189
1783943055.9869003
1783943057.0000865
1783943058.010101
1783943059.0209086
1783943060.0320187
1783943061.0447993
1783943062.0675213
1783943063.0815513
1783943064.1009552
1783943065.118993
1783943066.1348991
1783943067.145906
1783943068.1602259
1783943069.171983
1783943070.1834018
1783943071.1939912
1783943072.2058969
1783943073.2185133
1783943074.2297218
1783943075.2410092
1783943076.2552774
1783943077.2751422
1783943078.2981262
1783943079.317976
1783943080.3312361
1783943081.3450358
1783943082.3586311
1783943083.3731625
1783943084.3878696
1783943085.4036672
1783943086.4114702
1783943087.4226313
1783943088.434333
1783943089.4466093
1783943090.460204
1783943091.4719973
1783943092.4824755
1783943093.4927535
1783943094.5055847
1783943095.517173
1783943096.529246
1783943097.5414603
1783943098.553236
1783943099.5655987
1783943100.5783026
1783943101.5910068
1783943102.6046922
1783943103.6208708
1783943104.6393523
1783943105.6514773
1783943106.6652846
1783943107.6792932
1783943108.6910255
1783943109.7035687
1783943110.7179244
1783943111.7316892
1783943112.746328
1783943113.7615921
1783943114.773986
1783943115.7870185
1783943116.8103144
1783943117.8217611
1783943118.838029
1783943119.8505802
1783943120.8718266
1783943121.8832738
1783943122.9000316
1783943123.9108522
1783943124.9226036
1783943125.9347491
1783943126.9469137
1783943127.9577026
1783943128.9707177
1783943129.9837124
1783943130.9945998
1783943132.0088139
1783943133.0196595
1783943134.030712
1783943135.0447342
1783943136.054873
1783943137.0686495
1783943138.0802786
1783943139.0929868
1783943140.1074061
1783943141.119786
1783943142.1345177
1783943143.1523232
1783943144.1652446
1783943145.177703
1783943146.1893322
1783943147.2132978
1783943148.2276123
1783943149.2414746
1783943150.2574568
1783943151.2738032
1783943152.286675
1783943153.2983482
1783943154.3092434
1783943155.3212929
1783943156.33296
1783943157.3440926
1783943158.3552744
1783943159.3686802
1783943160.3798375
1783943161.3913145
1783943162.4039435
1783943163.416193
1783943164.4275174
1783943165.4381719
1783943166.456188
1783943167.4727254
1783943168.4884367
1783943169.5033643
1783943170.51564
1783943171.5277784
1783943172.5387423
1783943173.5517075
1783943174.5648754
1783943175.5767143
1783943176.5885394
1783943177.5992632
1783943178.6126127
1783943179.626746
1783943180.6392565
1783943181.653486
1783943182.664806
1783943183.6797028
1783943184.6937926
1783943185.7060351
1783943186.7178056
1783943187.72826
1783943188.7428362
1783943189.7580395
1783943190.7731118
1783943191.7862217
1783943192.796843
1783943193.809226
1783943194.8214076
1783943195.8360727
1783943196.8484414
1783943197.8598006
1783943198.873371
1783943199.886009
1783943200.8985221
1783943201.9122224
1783943202.925752
1783943203.9369729
1783943204.9476516
1783943205.959894
1783943206.9732406
1783943207.985333
1783943208.9975848
1783943210.009508
1783943211.0321143
1783943212.0451062
1783943213.0594544
1783943214.077208
1783943215.1070628
1783943216.1228347
1783943217.1361163
1783943218.1472034
1783943219.1578116
1783943220.1685379
1783943221.1791964
1783943222.1911507
1783943223.2032156
1783943224.2160244
1783943225.2266333
1783943226.2391348
1783943227.2504592
1783943228.263565
1783943229.2734652
1783943230.2855887
1783943231.3543596
1783943232.3678546
1783943233.383179
1783943234.3949137
1783943235.411399
1783943236.4232016
1783943237.4367678
1783943238.4535306
1783943239.4649906
1783943240.4777772
1783943241.4893725
1783943242.5019429
1783943243.5165892
1783943244.5291278
1783943245.541267
1783943246.5537932
1783943247.5654786
1783943248.578229
1783943249.5912807
1783943250.6032414
1783943251.6149964
1783943252.628807
1783943253.6422117
1783943254.6577911
1783943255.6700153
1783943256.6825402
1783943257.6953425
1783943258.7151828
1783943259.757665
1783943260.7787814
1783943261.7936852
1783943262.808991
1783943263.8222866
1783943264.8387358
1783943265.852848
1783943266.8673499
1783943267.8795497
1783943268.8920422
1783943269.9118373
1783943270.93167
1783943271.9457273
1783943272.9617426
1783943273.979797
1783943274.998654
1783943276.014553
1783943277.0364916
1783943278.054609
1783943279.0722613
1783943280.0936913
1783943281.109352
1783943282.1236403
1783943283.1398525
1783943284.1765468
1783943285.1983192
1783943286.22335
1783943287.249782
1783943288.27035
1783943289.2837455
1783943290.2963433
1783943291.3087888
1783943292.3262074
1783943293.337909
1783943294.3511612
1783943295.362136
1783943296.3737931
1783943297.3852682
1783943298.399515
1783943299.4100134
1783943300.4207518
1783943301.432984
1783943302.4482865
1783943303.4609594
1783943304.4733653
1783943305.4879725
1783943306.4998884
1783943307.5131009
1783943308.5310845
1783943309.5497577
1783943310.564857
1783943311.5783062
1783943312.5962002
1783943313.623537
1783943314.6411862
1783943315.6591098
1783943316.6720436
1783943317.688031
1783943318.7019386
1783943319.7185495
1783943320.7328475
1783943321.747877
1783943322.762453
1783943323.7745824
1783943324.7882404
1783943325.8008556
1783943326.8119133
1783943327.8227484
1783943328.834154
1783943329.847519
1783943330.8603776
1783943331.873159
1783943332.8846383
1783943333.8962772
1783943334.9097352
1783943335.9238517
1783943336.9363062
1783943337.947885
1783943338.9593863
1783943339.9715133
1783943340.9845686
1783943341.9963653
1783943343.0076213
1783943344.0193293
1783943345.0313241
1783943346.0434127
1783943347.0568495
1783943348.06826
1783943349.0810304
1783943350.0928264
1783943351.1069543
1783943352.121139
1783943353.1374528
1783943354.1528823
1783943355.1633682
1783943356.1786299
1783943357.1896737
1783943358.2013113
1783943359.212395
1783943360.2247083
1783943361.2363882
1783943362.249668
1783943363.2613108
1783943364.274073
1783943365.2899103
1783943366.302455
1783943367.3173523
1783943368.330137
1783943369.3416758
1783943370.3527658
1783943371.3646846
1783943372.3772354
1783943373.4021986
1783943374.4162588
1783943375.42797
1783943376.440384
1783943377.4514754
1783943378.4681966
1783943379.4879978
1783943380.5054474
1783943381.5262015
1783943382.545287
1783943383.560207
1783943384.572479
1783943385.5839946
1783943386.5978851
1783943387.6108398
1783943388.6217573
1783943389.6339028
1783943390.648324
1783943391.6622994
1783943392.6779332
1783943393.6914463
1783943394.7034783
1783943395.7213757
1783943396.7326815
1783943397.744121
1783943398.7546012
1783943399.766916
1783943400.7818336
1783943401.8022997
1783943402.8151653
1783943403.8289037
1783943404.841729
1783943405.8526852
1783943406.8659275
1783943407.8790727
1783943408.8916097
1783943409.9033031
1783943410.913353
1783943411.926424
1783943412.936841
1783943413.9502006
1783943414.9612837
1783943415.975473
1783943417.0053604
1783943418.017045
1783943419.028831
1783943420.0421808
1783943421.0538797
1783943422.0659287
1783943423.0803597
1783943424.0926366
1783943425.1052983
1783943426.1168876
1783943427.131445
1783943428.1438167
1783943429.1674724
1783943430.1820235
1783943431.193386
1783943432.2064037
1783943433.221486
1783943434.23357
1783943435.2463498
1783943436.2582316
1783943437.2700667
1783943438.2856257
1783943439.2982843
1783943440.3168492
1783943441.331976
1783943442.3456326
1783943443.362152
1783943444.3830364
1783943445.3972914
1783943446.4134014
1783943447.427537
1783943448.438928
1783943449.451513
1783943450.4639497
1783943451.53218
1783943452.549494
1783943453.593209
1783943454.634243
1783943455.6771135
1783943456.723345
1783943457.7701364
1783943458.80982
1783943459.836302
1783943460.857944
1783943461.8809085
1783943462.9110076
1783943463.9333022
1783943464.950117
1783943466.020396
1783943467.034615
1783943468.0568118
1783943469.0729153
1783943470.1019876
1783943471.1185436
1783943472.1392841
1783943473.1565728
1783943474.1768441
1783943475.1920712
1783943476.2594326
1783943477.278468
1783943478.2996888
1783943479.321137
1783943480.3347707
1783943481.3482037
1783943482.3604026
1783943483.3725996
1783943484.3850543
1783943485.3995886
1783943486.4179661
1783943487.4297364
1783943488.4422219
1783943489.456585
1783943490.4709687
1783943491.4837244
1783943492.4987712
1783943493.510681
1783943494.524711
1783943495.5372443
1783943496.5571454
1783943497.5707588
1783943498.5829158
1783943499.600098
1783943500.613333
1783943501.6286364
1783943502.6456053
1783943503.6591487
1783943504.679889
1783943505.70696
1783943506.7278216
1783943507.7488992
1783943508.764148
1783943509.7760606
1783943510.7879722
1783943511.8023055
1783943512.8209002
1783943513.8340778
1783943514.8524513
1783943515.8680549
1783943516.879907
1783943517.8932006
1783943518.9027414
1783943519.974014
1783943520.9847574
1783943521.999971
1783943523.0119283
1783943524.0783622
1783943525.1117244
1783943526.142693
1783943527.1609874
1783943528.183883
1783943529.2036533
1783943530.2173567
1783943531.2310607
1783943532.2409327
1783943533.2514808
1783943534.2642062
1783943535.298451
1783943536.292009
1783943537.303545
1783943538.31703
1783943539.3280663
1783943540.3380256
1783943541.3483162
1783943542.357638
1783943543.367635
1783943544.3787308
1783943545.3909953
1783943546.4022732
1783943547.414763
1783943548.426001
1783943549.4385152
1783943550.449025
1783943551.4600487
1783943552.4800744
1783943553.4918528
1783943554.5029628
1783943555.5166936
1783943556.5281107
1783943557.5524404
1783943558.563244
1783943559.5749311
1783943560.589718
1783943561.6176333
1783943562.6456242
1783943563.6587772
1783943564.6996803
1783943565.7331538
1783943566.7754617
1783943567.8102777
1783943568.8410416
1783943569.8683684
1783943570.9135878
1783943571.9503539
1783943572.991002
1783943574.0231526
1783943575.0505247
1783943576.0857959
1783943577.122342
